1
2
6
7
8
9
10
12
13
14
16
17
19
20
22
24
29
30
31
32
33
34
35
36
40
41
42
44
45
46
47
48
50
51
54
55
58
59
61
62
63
66
67
73
74
75
76
77
78
79
80
82
84
87
89
92
95
98
99
100
101
102
107
109
110
114
115
117
120
121
125
128
129
130
131
132
134
135
137
139
141
142
143
145
147
149
152
155
156
159
160
161
162
164
167
168
169
170
171
172
173
174
179
182
184
185
187
188
191
193
194
195
196
197
199
200
202
205
206
207
208
209
211
213
214
216
217
218
219
220
222
225
226
228
230
231
232
233
234
236
243
244
245
246
248
252
254
255
257
261
263
265
267
268
270
271
273
274
278
279
281
282
284
285
286
289
290
291
293
294
295
297
298
299
300
302
303
304
305
306
307
308
309
311
312
315
316
318
322
328
329
331
333
335
337
338
341
343
344
350
352
354
356
357
358
360
361
362
363
365
366
368
369
371
372
373
376
377
378
381
384
385
386
388
389
390
392
394
395
396
397
399
400
401
402
403
404
405
408
409
412
413
414
415
416
417
418
419
420
423
424
425
426
429
431
432
433
436
437
438
440
441
443
444
446
447
448
449
451
453
455
457
461
462
463
466
467
468
469
470
471
473
474
476
478
481
485
486
489
490
491
492
493
495
496
497
498
499
502
504
506
508
509
511
512
513
515
518
520
521
523
524
526
527
528
529
531
533
534
535
537
540
542
543
544
546
548
552
553
555
556
558
560
561
562
564
565
566
568
569
573
574
575
576
577
578
579
580
581
582
583
585
588
589
591
594
595
596
597
598
599
600
603
604
605
607
609
610
611
612
613
615
616
617
618
620
621
622
625
626
630
631
633
636
637
638
639
640
641
642
645
646
647
650
651
652
653
654
655
656
658
659
660
663
664
665
667
669
670
672
673
674
675
677
679
681
683
685
688
689
693
694
695
696
697
698
699
700
701
702
703
704
705
706
707
708
710
715
716
717
720
723
724
727
728
731
733
734
735
736
738
739
741
742
745
746
747
749
750
752
753
754
755
756
757
758
762
763
764
765
770
771
772
773
774
780
781
782
784
789
792
793
794
795
796
797
798
801
804
806
807
808
811
812
813
814
818
819
820
821
823
826
827
828
830
831
832
834
835
839
840
841
842
845
846
848
850
851
852
855
857
858
859
861
862
863
864
865
867
868
869
870
871
872
873
874
875
878
880
883
884
887
888
892
895
896
897
899
900
901
902
906
907
908
909
912
913
917
918
919
925
929
930
933
934
935
938
939
940
941
942
943
944
946
951
952
953
958
959
960
961
962
963
965
966
967
969
973
974
975
976
977
978
982
983
984
985
986
989
990
991
992
994
995
996
998
1000
1001
1002
1003
1004
1005
1006
1007
1009
1010
1011
1012
1013
1014
1015
1016
1017
1018
1019
1020
1021
1022
1023
1024
1025
1028
1029
1034
1035
1036
1037
1038
1039
1040
1042
1045
1046
1047
1049
1051
1054
1055
1056
1058
1060
1061
1062
1064
1065
1068
1069
1071
1072
1074
1076
1077
1078
1081
1083
1084
1085
1086
1087
1089
1090
1092
1095
1096
1098
1099
1100
1101
1102
1104
1105
1106
1107
1109
1110
1111
1112
1114
1115
1117
1119
1121
1122
1123
1124
1125
1126
1128
1131
1133
1135
1136
1140
1142
1143
1144
1146
1147
1148
1150
1151
1152
1156
1157
1159
1160
1161
1162
1164
1166
1167
1168
1171
1172
1173
1174
1175
1176
1177
1179
1180
1182
1184
1185
1186
1187
1188
1190
1193
1194
1196
1201
1202
1205
1209
1210
1211
1212
1215
1217
1218
1219
1221
1223
1224
1225
1227
1231
1232
1233
1235
1236
1241
1244
1246
1247
1248
1249
1250
1251
1252
1256
1258
1259
1261
1262
1263
1264
1265
1266
1268
1269
1271
1273
1277
1279
1280
1281
1283
1287
1288
1290
1293
1294
1295
1296
1298
1299
1300
1301
1303
1304
1305
1308
1309
1311
1312
1314
1316
1318
1319
1320
1322
1324
1330
1331
1332
1334
1336
1338
1341
1344
1350
1352
1353
1354
1355
1356
1360
1361
1362
1363
1365
1367
1368
1370
1371
1378
1379
1381
1383
1384
1385
1386
1388
1390
1392
1393
1394
1395
1397
1398
1399
1400
1404
1406
1407
1408
1410
1411
1412
1414
1416
1417
1418
1422
1423
1424
1425
1426
1427
1430
1435
1438
1443
1444
1445
1446
1447
1448
1451
1454
1456
1459
1461
1463
1464
1465
1468
1469
1472
1473
1474
1476
1477
1478
1479
1480
1482
1483
1485
1486
1488
1489
1491
1492
1495
1496
1497
1499
1500
1501
1502
1503
1504
1506
1508
1509
1510
1512
1513
1514
1515
1519
1520
1523
1524
1525
1528
1529
1530
1532
1537
1538
1541
1543
1544
1545
1546
1547
1548
1549
1550
1551
1552
1554
1555
1556
1557
1560
1561
1563
1564
1565
1568
1569
1574
1575
1576
1577
1579
1580
1581
1582
1584
1587
1588
1589
1590
1591
1593
1594
1595
1596
1600
1601
1604
1605
1607
1608
1612
1615
1616
1617
1618
1619
1623
1624
1625
1628
1630
1631
1632
1633
1635
1637
1639
1641
1643
1644
1645
1646
1647
1650
1651
1652
1655
1656
1657
1663
1665
1666
1667
1668
1670
1671
1672
1673
1674
1675
1679
1682
1684
1685
1686
1688
1689
1691
1692
1693
1695
1698
1699
1700
1701
1702
1703
1704
1705
1708
1710
1711
1713
1714
1716
1717
1718
1720
1721
1722
1723
1725
1727
1729
1734
1736
1739
1740
1741
1742
1745
1748
1750
1751
1753
1754
1757
1758
1760
1763
1766
1767
1769
1770
1771
1772
1773
1774
1775
1776
1777
1778
1779
1780
1782
1785
1786
1787
1788
1789
1791
1794
1795
1796
1797
1798
1799
1800
1802
1803
1804
1806
1807
1809
1810
1811
1813
1814
1816
1817
1818
1819
1820
1821
1822
1824
1825
1826
1827
1829
1830
1836
1837
1838
1844
1845
1846
1848
1849
1853
1855
1856
1858
1860
1861
1862
1863
1865
1867
1868
1872
1876
1879
1880
1882
1883
1884
1885
1886
1887
1889
1890
1891
1892
1894
1895
1898
1900
1901
1902
1904
1906
1907
1908
1910
1911
1914
1917
1919
1920
1921
1922
1924
1925
1927
1928
1929
1930
1932
1935
1936
1938
1940
1941
1942
1943
1945
1946
1953
1954
1955
1956
1957
1961
1962
1963
1965
1966
1967
1968
1969
1971
1972
1973
1976
1981
1982
1983
1984
1986
1987
1990
1994
1995
1996
1997
1998
1999
2000
2001
2002
2005
2010
2013
2015
2016
2019
2020
2021
2022
2023
2025
2026
2027
2029
2030
2031
2033
2035
2036
2037
2038
2039
2045
2047
2049
2053
2056
2057
2059
2061
2064
2065
2066
2071
2072
2074
2075
2076
2077
2078
2079
2080
2081
2082
2083
2084
2085
2086
2087
2088
2089
2092
2096
2097
2098
2100
2102
2103
2106
2107
2111
2112
2114
2117
2118
2120
2122
2125
2126
2127
2128
2132
2134
2140
2141
2142
2144
2145
2146
2147
2148
2150
2152
2154
2155
2157
2158
2160
2161
2165
2166
2169
2170
2171
2173
2174
2175
2177
2179
2183
2184
2186
2187
2188
2189
2191
2192
2196
2198
2201
2202
2203
2205
2206
2207
2209
2212
2213
2216
2218
2221
2225
2226
2227
2228
2229
2230
2231
2233
2235
2236
2237
2239
2240
2241
2243
2244
2245
2249
2251
2252
2253
2254
2255
2259
2260
2262
2263
2265
2266
2267
2269
2270
2271
2272
2277
2281
2282
2283
2284
2286
2288
2290
2292
2294
2295
2296
2300
2301
2302
2303
2304
2305
2306
2308
2309
2310
2311
2313
2314
2315
2316
2317
2318
2321
2322
2325
2327
2328
2329
2331
2332
2333
2334
2336
2338
2339
2340
2341
2343
2347
2349
2350
2352
2354
2355
2356
2357
2358
2359
2362
2363
2365
2369
2370
2371
2372
2373
2374
2375
2376
2377
2378
2380
2385
2386
2388
2389
2390
2391
2392
2393
2395
2398
2400
2403
2404
2406
2407
2408
2409
2410
2411
2412
2414
2416
2417
2418
2419
2420
2421
2422
2423
2427
2429
2432
2434
2436
2439
2440
2446
2447
2451
2452
2453
2454
2456
2457
2458
2461
2462
2463
2466
2467
2470
2471
2472
2473
2475
2476
2477
2479
2480
2481
2483
2484
2485
2487
2488
2489
2491
2492
2493
2494
2497
2499
2500
2501
2502
2503
2506
2507
2509
2510
2512
2515
2516
2517
2518
2520
2522
2523
2524
2527
2528
2530
2532
2534
2536
2537
2538
2539
2540
2541
2542
2543
2544
2545
2546
2547
2548
2550
2554
2556
2557
2560
2562
2563
2564
2565
2566
2568
2570
2572
2574
2575
2577
2578
2579
2581
2585
2586
2589
2590
2591
2592
2593
2595
2597
2599
2600
2601
2602
2604
2605
2607
2609
2610
2611
2612
2613
2614
2617
2619
2621
2622
2623
2624
2626
2627
2631
2634
2635
2636
2640
2641
2642
2644
2648
2649
2653
2654
2655
2658
2659
2660
2662
2664
2665
2667
2668
2669
2670
2673
2674
2676
2677
2680
2682
2683
2684
2686
2688
2689
2690
2692
2694
2695
2696
2697
2700
2701
2702
2703
2704
2705
2706
2709
2710
2711
2712
2713
2714
2715
2722
2723
2724
2726
2727
2728
2729
2731
2732
2734
2736
2738
2740
2741
2742
2744
2747
2749
2750
2751
2752
2753
2755
2758
2761
2763
2765
2769
2770
2771
2772
2774
2775
2776
2778
2780
2784
2785
2786
2788
2791
2792
2793
2795
2796
2797
2801
2802
2803
2804
2805
2806
2807
2809
2810
2816
2817
2818
2819
2820
2821
2822
2823
2824
2827
2830
2832
2836
2837
2839
2841
2842
2844
2845
2847
2848
2851
2852
2853
2854
2855
2857
2858
2859
2860
2861
2864
2865
2866
2867
2868
2870
2872
2873
2875
2876
2878
2880
2882
2883
2885
2886
2887
2888
2893
2894
2895
2898
2899
2902
2904
2905
2906
2909
2910
2911
2912
2913
2914
2916
2919
2920
2921
2923
2924
2926
2929
2930
2932
2933
2935
2936
2940
2941
2942
2943
2945
2947
2949
2950
2951
2952
2953
2954
2957
2959
2960
2961
2963
2964
2965
2966
2967
2969
2970
2972
2975
2976
2978
2982
2983
2984
2986
2987
2988
2989
2992
2993
2994
2996
2999
3001
3002
3003
3004
3006
3008
3009
3010
3011
3012
3013
3015
3018
3019
3021
3023
3024
3025
3026
3027
3029
3030
3031
3033
3036
3039
3041
3042
3045
3046
3048
3050
3051
3052
3053
3054
3055
3056
3057
3060
3062
3063
3064
3065
3068
3070
3072
3073
3074
3075
3076
3077
3078
3079
3082
3084
3085
3087
3088
3092
3095
3096
3097
3101
3102
3103
3105
3106
3107
3108
3109
3112
3113
3115
3118
3119
3121
3122
3123
3124
3125
3128
3130
3132
3133
3134
3135
3137
3138
3139
3140
3142
3143
3144
3147
3148
3149
3152
3154
3155
3156
3158
3159
3161
3163
3164
3165
3168
3171
3172
3173
3176
3178
3180
3182
3183
3184
3187
3188
3189
3191
3192
3194
3195
3196
3198
3200
3204
3205
3206
3207
3209
3214
3215
3216
3217
3218
3219
3220
3221
3222
3223
3224
3225
3226
3228
3231
3232
3233
3234
3236
3237
3238
3239
3241
3242
3245
3246
3247
3250
3251
3255
3256
3257
3258
3259
3262
3263
3264
3267
3269
3270
3272
3276
3278
3279
3282
3285
3287
3288
3289
3290
3291
3292
3295
3296
3300
3302
3303
3304
3305
3307
3308
3311
3312
3315
3316
3317
3319
3320
3321
3322
3327
3331
3335
3337
3340
3342
3343
3344
3345
3346
3348
3351
3352
3353
3357
3359
3360
3361
3362
3364
3365
3366
3367
3368
3370
3371
3372
3374
3375
3376
3378
3382
3384
3386
3387
3388
3389
3392
3395
3398
3399
3401
3402
3405
3406
3407
3409
3411
3413
3414
3416
3417
3419
3420
3421
3427
3428
3429
3431
3433
3434
3436
3437
3438
3440
3441
3442
3443
3445
3448
3450
3451
3452
3453
3455
3456
3457
3458
3460
3462
3463
3465
3466
3467
3469
3472
3476
3480
3481
3482
3484
3485
3486
3489
3491
3492
3493
3494
3496
3497
3498
3502
3503
3504
3505
3506
3507
3508
3510
3516
3517
3519
3520
3522
3523
3524
3525
3527
3529
3530
3531
3532
3533
3536
3537
3538
3539
3541
3545
3549
3550
3551
3558
3563
3564
3565
3566
3567
3569
3571
3572
3573
3576
3577
3578
3582
3583
3586
3590
3591
3593
3594
3595
3596
3597
3599
3600
3601
3604
3605
3606
3608
3611
3614
3615
3616
3619
3620
3621
3622
3628
3633
3634
3636
3637
3641
3644
3647
3654
3655
3656
3657
3663
3664
3668
3671
3672
3673
3674
3676
3677
3679
3680
3682
3687
3688
3689
3690
3693
3694
3695
3697
3699
3700
3702
3704
3707
3709
3710
3711
3714
3715
3717
3721
3722
3725
3727
3730
3731
3733
3735
3737
3740
3741
3742
3743
3744
3745
3746
3747
3748
3750
3751
3754
3755
3758
3760
3761
3765
3766
3768
3769
3770
3772
69
180
237
275
327
482
517
606
1031
1075
1255
1278
1297
1429
1462
1627
1812
1832
1854
1915
2533
2756
3313
3474
3732
3734
3738
3767
844
1335
1345
1452
1598
1599
1950
2519
2632
3093
3665
1926
2211
3086
3526
3753
510
2459
3120
571
743
106
1421
2004
3151
501
744
2553
3459
2180
2812
768
924
1349
450
926
1737
3028
126
1067
3535
3627
2032
430
882
407
2789
3683
3244
3273
547
718
108
690
1648
2663
3490
3640
3652
1340
3286
3
146
1521
2042
2051
2242
3716
1254
3280
1284
324
332
1401
1712
1728
2095
2871
3373
183
439
920
928
1197
1455
1765
1839
2937
3131
3174
3354
885
997
1155
2794
3160
2828
3629
3660
2197
3560
3329
3032
65
1380
2006
1833
2289
3592
1113
1275
2167
2195
2287
2739
3610
1286
2737
323
619
634
1048
1108
1622
1649
1768
2063
2124
3625
2991
3723
317
1481
2849
3136
94
1094
1792
1905
2922
3461
1372
1912
3528
178
3638
2136
3283
3350
1267
2637
3090
266
1329
810
2514
2725
2754
422
2944
393
3330
2814
2320
2877
1206
2835
296
2671
1573
301
1493
2017
2113
2330
1949
2319
2719
1592
442
118
2908
3181
563
740
2896
18
3369
3415
259
1948
83
2090
127
71
815
1139
2050
1328
1536
276
480
1405
2181
2974
3252
1516
3670
2011
2757
150
1191
1533
2261
3150
1570
775
2024
1744
1980
2060
2208
3230
166
3167
3728
1835
3635
3145
1129
1642
1041
238
1654
177
1603
1888
2927
3080
138
3066
3585
1752
258
3297
972
1535
1602
877
2291
3377
1735
1137
1562
1170
914
2559
2620
3336
3752
2119
3666
904
1534
1583
725
383
1746
2474
3418
1743
2587
2928
3587
3739
1790
3470
713
292
494
1302
1834
1960
2108
3310
3701
346
3146
3306
3555
3584
516
1222
1847
1893
2580
2833
3390
3447
2495
3294
379
769
876
1707
1730
1850
1985
2256
2379
2430
2846
2863
3061
3559
3260
3513
2708
391
1240
2656
249
1327
1931
2121
3618
3127
1396
1475
2129
2997
3185
3521
3562
3613
1539
2014
2367
2897
3271
921
1634
2401
2838
488
1805
140
1234
283
2890
711
2840
2645
104
2428
2779
37
1158
2220
235
1044
2344
889
2348
2549
860
1441
1709
1913
2193
3175
3534
340
2903
3632
777
287
786
2431
2925
3126
3253
1342
1026
2782
538
1292
1373
2104
2639
2934
3426
1364
3540
204
215
809
1321
2465
314
503
837
103
334
601
760
1203
1357
2138
2397
3499
454
668
1970
411
2361
2478
151
224
1621
1690
3355
3435
894
2666
181
148
1138
1664
2238
3043
3114
3552
112
586
824
866
1226
1526
2224
3678
2200
2276
539
1733
1823
3094
950
2176
2185
2720
3069
3396
3412
3483
3729
163
192
847
1460
1677
1764
2248
2441
2825
3020
3038
3190
3356
3645
3724
2735
3202
805
1127
3166
1660
2178
2008
2938
2151
932
3040
3515
766
3338
2312
1531
3333
1874
3651
682
1609
1669
2073
2687
3719
2962
1909
2762
2521
2892
2901
3177
3544
375
1376
382
3631
1683
1073
1079
3193
212
1313
2040
3249
1958
2298
1933
1947
345
3762
465
2573
3495
1282
43
729
3706
644
434
21
1402
2939
3423
1857
778
3487
3623
52
189
1681
2442
1606
514
922
923
158
3691
3099
2163
2280
3016
3726
936
570
2460
1620
2968
3117
3210
2618
3059
2569
3556
1082
277
1687
1658
2223
3380
3554
2172
2139
1239
90
1276
532
1808
2143
2907
2219
1977
1553
251
445
1517
2159
2413
3007
3275
3580
64
800
1337
2995
3757
1442
2274
2625
459
1542
1310
242
1230
1272
2153
721
629
2204
3568
3692
2210
1097
3083
70
2813
1762
2513
587
730
2856
3397
157
999
1409
3626
3514
3509
2360
122
557
1214
2633
3277
1403
2353
2862
2985
336
1610
2342
3067
3646
2551
2990
761
3446
3471
3473
3071
3265
3653
280
1490
3385
1369
1614
2678
1238
2496
3186
788
2335
3575
2455
203
1141
2584
676
1260
1351
3266
955
1653
2156
2661
891
1066
1347
1629
1715
2091
833
3609
785
790
572
2685
1325
3089
3708
787
2884
593
1640
2808
3328
1178
1220
124
1558
2402
3212
370
584
1431
1697
2054
2070
53
3201
1204
1626
3179
3227
3661
86
353
351
3309
3391
1842
3736
1375
2110
2561
1257
2058
2387
2438
2646
2946
1875
2650
2955
28
722
2043
2109
3000
1192
2337
3749
116
968
1270
97
175
176
406
1285
1719
1992
2062
2247
2526
2628
2069
2279
1511
2900
916
1154
1163
1245
893
1828
2759
0
1696
2383
1527
1993
1783
49
2777
136
687
1466
2028
3325
783
949
2874
2003
2164
3478
726
264
903
3542
1059
1228
253
2980
3553
3650
3698
3546
3579
2469
2973
2382
2829
3022
3047
3394
627
748
3098
1274
691
3199
3639
843
1165
1738
2425
3014
3381
1457
3162
93
260
1934
3475
1975
2234
3326
1153
1964
2034
2443
614
1391
1507
1522
1747
1801
1840
2346
3157
1339
1726
3037
947
2324
3284
881
1317
2881
3649
1974
751
2131
2783
2149
111
2449
241
1755
2956
250
1923
1937
2525
2869
2971
3323
364
816
2182
2638
3170
1567
1195
849
970
1237
1306
2046
3643
3759
1659
3444
2629
460
23
1585
2133
2651
2834
3479
3703
326
3334
421
1952
2009
2285
3581
2552
2576
3773
1852
2048
2958
2798
2264
2394
3044
3547
2222
2594
1724
2831
838
910
979
987
1008
1366
2299
2490
2781
2915
2652
81
321
1959
2464
3500
3574
310
144
628
3464
2693
3518
410
1756
2273
2278
2931
602
3281
1878
1208
2672
1053
1450
3293
387
2052
2647
911
229
3764
479
2699
3658
3430
1470
1869
954
1749
26
536
671
1169
1200
2498
822
1199
1346
886
1134
1291
2748
2948
3341
662
2257
2307
3454
657
3358
1434
1784
398
464
3268
88
1951
3091
3298
3314
3332
3756
1420
1471
3299
3403
428
1484
3432
3511
4
898
1080
11
1181
1198
1540
2743
3383
678
1439
1903
3254
2055
507
105
227
3111
799
2435
3100
3512
1759
2555
1676
2137
3607
3720
1432
2396
3229
525
2768
3081
2630
817
1389
2745
854
1731
1991
2716
3667
719
1761
3410
272
1571
1732
2007
2437
123
201
1413
1636
1866
2424
2567
2721
767
1307
3602
2482
2764
3630
319
1436
714
1505
3408
931
484
1453
1057
2981
1030
2297
776
2766
3208
3363
632
2232
3349
3696
592
1871
2691
3005
3557
551
1918
2657
554
269
374
879
623
1333
2616
2698
829
1116
3243
3712
957
1382
1989
3129
1207
3169
1458
483
1213
2433
2505
3339
3763
643
980
1437
2486
91
956
190
367
3248
3570
339
1132
1843
549
1613
649
1578
1916
2105
2615
2811
2415
2787
2123
1815
165
732
2215
15
3274
3468
2067
3624
993
1120
3588
1189
500
2889
3141
915
1027
3648
1680
60
458
1638
2598
342
2583
1859
3603
2707
3684
154
1289
3669
559
803
1433
240
2426
666
1518
1881
2730
2767
1033
2101
1449
472
3425
57
2918
2606
1559
487
1440
2384
3203
198
56
3058
590
2746
1494
3675
1979
3617
1873
1183
2643
3261
2194
435
624
2246
1315
2381
1896
1841
1052
3642
3153
68
2326
3449
1149
550
791
1088
1831
2450
1487
1566
427
1706
2135
239
2917
1091
1070
2826
3477
3612
3713
567
2250
2444
330
2190
3598
325
1572
2041
3116
1358
1586
2717
349
2535
1323
709
3400
72
890
85
905
2558
3662
1415
2800